function [cdata] = getFlybyPorkchopPlotCData()
%UNTITLED2 Summary of this function goes here
%   Detailed explanation goes here
cdata = [0 0 0.515625;0 0.5 0.7578125;0 1 1;0 1 0.966666638851166;0 1 0.933333337306976;0 1 0.899999976158142;0 1 0.866666674613953;0 1 0.833333313465118;0 1 0.800000011920929;0 1 0.766666650772095;0 1 0.733333349227905;0 1 0.699999988079071;0 1 0.666666686534882;0 1 0.633333325386047;0 1 0.600000023841858;0 1 0.566666662693024;0 1 0.533333361148834;0 1 0.5;0 1 0.466666668653488;0 1 0.433333337306976;0 1 0.400000005960464;0 1 0.366666674613953;0 1 0.333333343267441;0 1 0.300000011920929;0 1 0.266666680574417;0 1 0.233333334326744;0 1 0.200000002980232;0 1 0.16666667163372;0 1 0.133333340287209;0 1 0.100000001490116;0 1 0.0666666701436043;0 1 0.0333333350718021;0 1 0;0.0078740157186985 1 0;0.015748031437397 1 0;0.0236220471560955 1 0;0.031496062874794 1 0;0.0393700785934925 1 0;0.047244094312191 1 0;0.0551181100308895 1 0;0.062992125749588 1 0;0.0708661451935768 1 0;0.078740157186985 1 0;0.0866141766309738 1 0;0.094488188624382 1 0;0.102362208068371 1 0;0.110236220061779 1 0;0.118110239505768 1 0;0.125984251499176 1 0;0.133858263492584 1 0;0.141732290387154 1 0;0.149606302380562 1 0;0.15748031437397 1 0;0.165354326367378 1 0;0.173228353261948 1 0;0.181102365255356 1 0;0.188976377248764 1 0;0.196850389242172 1 0;0.204724416136742 1 0;0.21259842813015 1 0;0.220472440123558 1 0;0.228346452116966 1 0;0.236220479011536 1 0;0.244094491004944 1 0;0.251968502998352 1 0;0.25984251499176 1 0;0.267716526985168 1 0;0.275590538978577 1 0;0.283464580774307 1 0;0.291338592767715 1 0;0.299212604761124 1 0;0.307086616754532 1 0;0.31496062874794 1 0;0.322834640741348 1 0;0.330708652734756 1 0;0.338582664728165 1 0;0.346456706523895 1 0;0.354330718517303 1 0;0.362204730510712 1 0;0.37007874250412 1 0;0.377952754497528 1 0;0.385826766490936 1 0;0.393700778484344 1 0;0.401574790477753 1 0;0.409448832273483 1 0;0.417322844266891 1 0;0.4251968562603 1 0;0.433070868253708 1 0;0.440944880247116 1 0;0.448818892240524 1 0;0.456692904233933 1 0;0.464566916227341 1 0;0.472440958023071 1 0;0.480314970016479 1 0;0.488188982009888 1 0;0.496062994003296 1 0;0.503937005996704 1 0;0.511811017990112 1 0;0.519685029983521 1 0;0.527559041976929 1 0;0.535433053970337 1 0;0.543307065963745 1 0;0.551181077957153 1 0;0.559055089950562 1 0;0.566929161548615 1 0;0.574803173542023 1 0;0.582677185535431 1 0;0.590551197528839 1 0;0.598425209522247 1 0;0.606299221515656 1 0;0.614173233509064 1 0;0.622047245502472 1 0;0.62992125749588 1 0;0.637795269489288 1 0;0.645669281482697 1 0;0.653543293476105 1 0;0.661417305469513 1 0;0.669291317462921 1 0;0.677165329456329 1 0;0.685039341449738 1 0;0.692913413047791 1 0;0.700787425041199 1 0;0.708661437034607 1 0;0.716535449028015 1 0;0.724409461021423 1 0;0.732283473014832 1 0;0.74015748500824 1 0;0.748031497001648 1 0;0.755905508995056 1 0;0.763779520988464 1 0;0.771653532981873 1 0;0.779527544975281 1 0;0.787401556968689 1 0;0.795275568962097 1 0;0.803149580955505 1 0;0.811023592948914 1 0;0.818897664546967 1 0;0.826771676540375 1 0;0.834645688533783 1 0;0.842519700527191 1 0;0.850393712520599 1 0;0.858267724514008 1 0;0.866141736507416 1 0;0.874015748500824 1 0;0.881889760494232 1 0;0.88976377248764 1 0;0.897637784481049 1 0;0.905511796474457 1 0;0.913385808467865 1 0;0.921259820461273 1 0;0.929133832454681 1 0;0.93700784444809 1 0;0.944881916046143 1 0;0.952755928039551 1 0;0.960629940032959 1 0;0.968503952026367 1 0;0.976377964019775 1 0;0.984251976013184 1 0;0.992125988006592 1 0;1 1 0;1 0.984375 0;1 0.96875 0;1 0.953125 0;1 0.9375 0;1 0.921875 0;1 0.90625 0;1 0.890625 0;1 0.875 0;1 0.859375 0;1 0.84375 0;1 0.828125 0;1 0.8125 0;1 0.796875 0;1 0.78125 0;1 0.765625 0;1 0.75 0;1 0.734375 0;1 0.71875 0;1 0.703125 0;1 0.6875 0;1 0.671875 0;1 0.65625 0;1 0.640625 0;1 0.625 0;1 0.609375 0;1 0.59375 0;1 0.578125 0;1 0.5625 0;1 0.546875 0;1 0.53125 0;1 0.515625 0;1 0.5 0;1 0.484375 0;1 0.46875 0;1 0.453125 0;1 0.4375 0;1 0.421875 0;1 0.40625 0;1 0.390625 0;1 0.375 0;1 0.359375 0;1 0.34375 0;1 0.328125 0;1 0.3125 0;1 0.296875 0;1 0.28125 0;1 0.265625 0;1 0.25 0;1 0.234375 0;1 0.21875 0;1 0.203125 0;1 0.1875 0;1 0.171875 0;1 0.15625 0;1 0.140625 0;1 0.125 0;1 0.109375 0;1 0.09375 0;1 0.078125 0;1 0.0625 0;1 0.046875 0;1 0.03125 0;1 0.015625 0;1 0 0;0.984375 0 0;0.96875 0 0;0.953125 0 0;0.9375 0 0;0.921875 0 0;0.90625 0 0;0.890625 0 0;0.875 0 0;0.859375 0 0;0.84375 0 0;0.828125 0 0;0.8125 0 0;0.796875 0 0;0.78125 0 0;0.765625 0 0;0.75 0 0;0.734375 0 0;0.71875 0 0;0.703125 0 0;0.6875 0 0;0.671875 0 0;0.65625 0 0;0.640625 0 0;0.625 0 0;0.609375 0 0;0.59375 0 0;0.578125 0 0;0.5625 0 0;0.546875 0 0;0.53125 0 0;0.515625 0 0;0.5 0 0];
end

